
[parameter_version_info]
ver=V00.00.01
time=2019-04-17 15:41:25
sn=0000000004-A

[global_algorithmic_logic]
run_period=0x01,60
steer_period=0x02,14
max_speed_of_change_gear_mode=0x03,100
drive_control_mode=0x04,1
esc_rw_period=0x05,30
change_gear_time=0x06,0

[simulated_engine]
joystick_deadband_of_throttle=0x20,3
fuel_type=0x22,0
engine_type=0x23,0
displacement=0x24,20
throttle_min=0x25,0
engine_rotate_speed_info=0x26,700,8000,219
oil_cutoff_protection=0x27,6000,5800,7000,5400
max_torque_curve_factor=0x28,241.705,1.4061,-0.000277907
start_target_speed=0x29,0.217671
start_throttle_opening=0x2A,0.912574

[simulated_gearbox]
auto_gear_type=0x41,2
gear_mode_number=0x42,4
auto_gear_number=0x43,5
auto_gear_trans_ratio=0x44,13.25,9.8,7.4,5.4,4.0
auto_gear_trans_effectiveness=0x45,1.0,1.0,1.0,1.0,1.0
forced_switch_gear_diff_th=0x46,1.5
d_gear_speed_rule=0x47,4,5.45049,8.42203,12.5477,19.1055,2.80734,4.64729,7.64222,12.0365
s_gear_speed_rule=0x48,0
r_trans_ratio=0x49,13.25
r_trans_effectiveness=0x4A,1.0

[simulated_resistance]
roll_resistance_factor_f0=0x60,0.02
roll_resistance_factor_k=0x61,0.0018
air_resistance_factor=0x62,0.6

[simulated_brake]
brake_joystick_deadband=0x80,3
max_brake_force=0x82,3.6
brake_threshold=0x83,2
time_threshold=0x84,500
emergency_brake_force=0x85,8.0

[simulated_speed]
weight=0xA0,1100.0
simul_wheel_radius=0xA1,0.3284
speed_ratio=0xA2,10.0
min_speed=0xA3,0
r_max_speed=0xA4,10
d_max_speed=0xA5,43.86
s_max_speed=0xA6,43.86

[model_speed]
transmission_ratio=0xC0,13.23
drive_direction_reverse=0xC1,0
drive_duty_default=0xC2,750
zero_speed_duty_offset=0xC3,30,30
duty_per_rotate_speed=0xC4,186,186
motor_rotate_speed_info=0xC5,50,10080,8000
esc_parameter_config=0xC6,0x0001,0x0013,0x0032,0x0032,0x0000,0x0002,0x0640,0x1999,0x3332,0x4000,0x2710,0x7530,0x0280,0x00A0,0x2E18,0x0320,0x00E6,0x07D0,0x00E6,0x07D0,0x003C
model_wheel_perimeter=0xC7,0.345575

[model_steer]
steer_reverse=0xE0,1
steer_engine_frequency=0xE1,330
steer_joystick_deadband=0xE4,10
steer_inc_curve_total_time=0xE6,1200
steer_dec_curve_total_time=0xE7,200
calc_back_to_median_steer_angle=0xE9,600
back_to_median_with_speed_factor=0xEA,45.5996
speed_step_of_back_to_median_with_speed=0xEB,8.772
angle_per_info=0xEC,38

[checkout]
crc32=7E928D0B
